0.000000
0.011610
0.023220
0.034830
0.046440
0.058050
0.069660
0.081270
0.092880
0.104490
0.116100
0.127710
0.139320
0.150930
0.162540
0.174150
0.185760
0.197370
0.208980
0.220590
0.232200
0.243810
0.255420
0.267029
0.278639
0.290249
0.301859
0.313469
0.325079
0.336689
0.348299
0.359909
0.371519
0.383129
0.394739
0.406349
0.417959
0.429569
0.441179
0.452789
0.464399
0.476009
0.487619
0.499229
0.510839
0.522449
0.534059
0.545669
0.557279
0.568889
0.580499
0.592109
0.603719
0.615329
0.626939
0.638549
0.650159
0.661769
0.673379
0.684989
0.696599
0.708209
0.719819
0.731429
0.743039
0.754649
0.766259
0.777868
0.789478
0.801088
0.812698
0.824308
0.835918
0.847528
0.859138
0.870748
0.882358
0.893968
0.905578
0.917188
0.928798
0.940408
0.952018
0.963628
0.975238
0.986848
0.998458
1.010068
1.021678
1.033288
1.044898
1.056508
1.068118
1.079728
1.091338
1.102948
1.114558
1.126168
1.137778
1.149388
1.160998
1.172608
1.184218
1.195828
1.207438
1.219048
1.230658
1.242268
1.253878
1.265488
1.277098
1.288707
1.300317
1.311927
1.323537
1.335147
1.346757
1.358367
1.369977
1.381587
1.393197
1.404807
1.416417
1.428027
1.439637
1.451247
1.462857
1.474467
1.486077
1.497687
1.509297
1.520907
1.532517
1.544127
1.555737
1.567347
1.578957
1.590567
1.602177
1.613787
1.625397
1.637007
1.648617
1.660227
1.671837
1.683447
1.695057
1.706667
1.718277
1.729887
1.741497
1.753107
1.764717
1.776327
1.787937
1.799546
1.811156
1.822766
1.834376
1.845986
1.857596
1.869206
1.880816
1.892426
1.904036
1.915646
1.927256
1.938866
1.950476
1.962086
1.973696
1.985306
1.996916
2.008526
2.020136
2.031746
2.043356
2.054966
2.066576
2.078186
2.089796
2.101406
2.113016
2.124626
2.136236
2.147846
2.159456
2.171066
2.182676
2.194286
2.205896
2.217506
2.229116
2.240726
2.252336
2.263946
2.275556
2.287166
2.298776
2.310385
2.321995
2.333605
2.345215
2.356825
2.368435
2.380045
2.391655
2.403265
2.414875
2.426485
2.438095
2.449705
2.461315
2.472925
2.484535
2.496145
2.507755
2.519365
2.530975
2.542585
2.554195
2.565805
2.577415
2.589025
2.600635
2.612245
2.623855
2.635465
2.647075
2.658685
2.670295
2.681905
2.693515
2.705125
2.716735
2.728345
2.739955
2.751565
2.763175
2.774785
2.786395
2.798005
2.809615
2.821224
2.832834
2.844444
2.856054
2.867664
2.879274
2.890884
2.902494
2.914104
2.925714
2.937324
2.948934
2.960544
2.972154
2.983764
2.995374
3.006984
3.018594
3.030204
3.041814
3.053424
3.065034
3.076644
3.088254
3.099864
3.111474
3.123084
3.134694
3.146304
3.157914
3.169524
3.181134
3.192744
3.204354
3.215964
3.227574
3.239184
3.250794
3.262404
3.274014
3.285624
3.297234
3.308844
3.320454
3.332063
3.343673
3.355283
3.366893
3.378503
3.390113
3.401723
3.413333
3.424943
3.436553
3.448163
3.459773
3.471383
3.482993
3.494603
3.506213
3.517823
3.529433
3.541043
3.552653
3.564263
3.575873
3.587483
3.599093
3.610703
3.622313
3.633923
3.645533
3.657143
3.668753
3.680363
3.691973
3.703583
3.715193
3.726803
3.738413
3.750023
3.761633
3.773243
3.784853
3.796463
3.808073
3.819683
3.831293
3.842902
3.854512
3.866122
3.877732
3.889342
3.900952
3.912562
3.924172
3.935782
3.947392
3.959002
3.970612
3.982222
3.993832
4.005442
4.017052
4.028662
4.040272
4.051882
4.063492
4.075102
4.086712
4.098322
4.109932
4.121542
4.133152
4.144762
4.156372
4.167982
4.179592
4.191202
4.202812
4.214422
4.226032
4.237642
4.249252
4.260862
4.272472
4.284082
4.295692
4.307302
4.318912
4.330522
4.342132
4.353741
4.365351
4.376961
4.388571
4.400181
4.411791
4.423401
4.435011
4.446621
4.458231
4.469841
4.481451
4.493061
4.504671
4.516281
4.527891
4.539501
4.551111
4.562721
4.574331
4.585941
4.597551
4.609161
4.620771
4.632381
4.643991
4.655601
4.667211
4.678821
4.690431
4.702041
4.713651
4.725261
4.736871
4.748481
4.760091
4.771701
4.783311
4.794921
4.806531
4.818141
4.829751
4.841361
4.852971
4.864580
4.876190
4.887800
4.899410
4.911020
4.922630
4.934240
4.945850
4.957460
4.969070
4.980680
4.992290
5.003900
5.015510
5.027120
5.038730
5.050340
5.061950
5.073560
5.085170
5.096780
5.108390
5.120000
5.131610
5.143220
5.154830
5.166440
5.178050
5.189660
5.201270
5.212880
5.224490
5.236100
5.247710
5.259320
5.270930
5