5.25932
5.65406
6.0488
6.44354
6.83828
7.23302
7.62776
8.02249
8.41723
8.81197
9.20671
9.60145
9.99619
10.3909
10.7857
11.1804
11.5751
11.9699
12.3646
12.7594
13.1541
13.5488
13.9436
14.3383
14.7331
15.1046
15.4877
15.8941
16.2888
16.6835
17.0783
17.473
17.8678
18.2625
18.6572
19.052
19.4467
19.8415
20.2362
20.6309
21.0257
21.4204
21.8151
22.2099
22.6046
22.9994
23.3941
23.8121
24.2184
24.6248
25.0079
25.4026
25.7974
26.1921
26.5868
27.0048
27.4112
27.8175
28.2006
28.5954
28.9901
29.3849
29.7796
