5.30576
5.7005
6.09524
6.48998
6.8615
7.24463
7.62776
8.01088
8.39401
8.77714
9.18349
9.57823
9.97297
10.3677
10.7624
11.134
11.5171
11.9002
12.2834
12.6665
13.0496
13.4327
13.8159
14.2222
14.617
15.0117
15.4064
15.8012
16.1959
16.5674
16.9506
17.3337
17.7168
18.1
18.4831
18.8894
19.2842
19.6789
20.0737
20.4452
20.8283
21.2114
21.5946
21.9777
22.384
22.7788
23.1735
23.5683
23.9398
24.3229
24.706
25.0892
25.4723
25.8554
26.2385
26.6449
27.0396
27.4344
27.8291
28.2239
28.6186
28.9901
29.3732
29.7564
